45  45
0.027082  -0.02185  0.0723566  -0.0515875  0.0040708  -0.00140841  0.0617369  -0.0247706  0.0103333  -0.0166737  0.0628833  -0.0376374  0.0268252  -0.0826396  0.0038645  -0.0853653  0.305593  -0.0530177  0.0170654  -0.137988  0.0215034  -0.119232  0.053795  -0.056613  0.12577  -0.16364  0.10466  -0.435793  0.131832  -0.394085  0.401572  -0.212905  0.00472121  0.0672094  0.133126  -0.119277  0.366231  -0.157248  -0.0679249  -0.0571748  -0.0154824  7.50102e-05  -0.0454711  0.0328257  0.0137823  
-0.0455329  0.00876088  0.175427  0.00888985  0.0601181  -0.125082  -0.0633296  0.0172514  -0.0123835  0.0186682  0.0661128  -0.00760712  -0.103037  0.124605  0.221655  0.134376  -0.535056  0.241883  -0.0816287  0.0823519  -0.134142  -0.0835617  -0.280633  -0.311814  0.130451  0.157727  0.122408  -0.355526  0.024199  0.0695879  -0.00683874  -0.240062  0.0618577  0.16119  0.0145503  -0.00831041  -0.0213801  -0.0270289  -0.0399641  0.00714766  0.0485355  -0.0476974  0.0351259  -0.0254882  0.0121646  
0.0730916  -0.212148  -0.411624  -0.213765  0.107733  -0.453265  -0.117995  0.447272  0.090275  0.104979  0.00820039  -0.243128  0.210901  -0.126951  0.268623  -0.0942978  0.0806106  0.125033  -0.0303525  -0.110145  -0.0565606  -0.0468164  0.00823381  0.0717947  -0.0488137  0.0777971  0.0205006  0.0543525  0.0215455  0.0847507  0.0113192  -0.0965528  0.0150287  0.032994  -0.0226684  0.0305847  0.0404763  -0.000544075  0.0517951  -0.0111937  -0.0249144  -0.0143874  -0.0107736  -0.0247947  0.00477873  
0.0218196  -0.0658333  -0.0607616  -0.0119641  0.0493818  -0.0309998  0.00869392  0.00982533  0.0542644  0.109089  -0.105112  0.0969849  -0.013948  0.108283  0.0836796  -0.0416838  -0.264985  -0.0689638  0.0877839  -0.134774  0.41475  0.0684758  -0.00677254  -0.0425656  0.051384  -0.104458  -0.0497059  0.103161  -0.398904  -0.0262142  -0.193613  -0.16689  -0.129621  -0.352521  0.0419529  -0.166598  0.349748  -0.252359  -0.177261  -0.0201476  0.0866677  0.00669072  -0.0210524  0.0369765  0.053035  
0.00188243  -0.0176053  -0.0326926  -0.0249177  0.0240124  -0.00770934  0.0231016  -0.0114165  0.0241665  0.0102988  0.0212159  0.0204933  0.0423357  -0.0542433  -0.000188616  -0.0144769  0.0843253  0.0252305  -0.0348385  -0.0602472  -0.00688071  0.0162885  0.0545179  0.0280722  0.0702435  -0.000978555  0.0399583  0.0138915  0.10091  0.052407  -0.024537  0.128684  0.0738536  0.0718275  0.231407  -0.098776  -0.301433  -0.217321  -0.628842  0.150208  0.248803  -0.378497  0.0854553  -0.131583  0.277341  
0.278021  0.0388133  -0.321818  -0.540036  0.259332  0.325227  0.435475  -0.203257  0.196954  0.144969  -0.0410188  0.0669707  -0.132073  0.0623962  0.0625472  0.00473828  -0.0152786  0.028873  -0.00455692  0.0704764  -0.0795744  -0.015141  -0.0824881  -0.0268107  0.0329144  0.0336608  -0.00158919  -0.0366653  0.00236724  0.0204407  -0.00548582  -0.0194241  0.00864927  0.0325628  -0.0203581  0.0322171  -0.0250646  0.0177369  0.0388856  -0.00604205  -0.0237598  -0.00417408  0.00415818  -0.0232851  -0.00427005  
0.00356138  0.0509733  0.00312588  0.0542237  -0.103176  0.0605662  -0.00108551  0.0254063  -0.00317179  -0.0103637  -0.0275649  -0.147038  0.0139068  -0.0428291  -0.0783234  0.0460635  0.342068  0.0382354  -0.0582641  0.337439  -0.558339  0.0281773  -0.131773  -0.0621386  0.0544541  0.126782  0.0586305  -0.00536775  -0.23937  0.13799  -0.182783  -0.18354  -0.193498  -0.228077  -0.0698374  -0.12354  0.196786  -0.130931  -0.156021  0.0255918  0.0855495  0.0554389  0.0429689  0.0922263  0.00732165  
0.0109613  -0.0104527  -0.0250084  -0.0444733  0.0319848  -0.0227351  0.0135045  -0.00132607  0.00128395  -0.00607781  0.0317499  0.012413  0.0047435  -0.0022433  0.007047  -0.00441362  -0.0092394  0.03895  -0.0258599  -0.0869046  0.0534093  -0.0176081  0.044452  0.0173561  0.0106403  -0.0379514  0.029949  -0.0228969  0.10794  0.115235  0.00903658  0.0496785  0.0669507  0.0508996  0.150108  -0.0780505  -0.134907  -0.0752058  -0.186839  0.0792863  0.329182  0.525064  0.195794  0.528923  -0.381487  
0.14515  0.272638  0.0359458  -0.205088  -0.17493  0.287195  0.100804  0.305853  -0.243021  -0.417249  0.204945  -0.524586  0.00272152  -0.035826  -0.0892427  -0.0456913  -0.186852  0.0685437  0.0479277  -0.138427  0.0864625  0.0229472  -0.00904425  -0.00969709  -0.0367329  -0.00944612  -0.0116926  0.0251248  -0.0367764  -0.034448  -0.0486057  0.0288883  0.0026023  -0.0311927  0.0149159  -0.0291709  0.0331885  -0.0239126  -0.0348853  -0.00366691  0.00430131  -0.0142234  0.00702058  -0.00777587  0.0169567  
-0.0212006  0.0168247  -0.00257109  -0.0111388  -0.0651724  -0.0462771  0.0628905  0.165104  0.0124234  0.138591  -0.0661335  -0.0973479  0.0131425  -0.0249527  -0.00208026  -0.0772233  0.152627  -0.176581  0.0544313  0.113553  0.160227  -0.225954  -0.154414  -0.203902  -0.03528  -0.325486  -0.20846  -0.410243  -0.199962  -0.124725  -0.220969  0.00726251  -0.0986168  -0.110119  -0.105225  -0.0421606  -0.441433  0.22172  -0.00607676  0.0631852  -0.010258  -0.00212894  0.0448083  0.00885882  -0.0276842  
-0.0598715  0.00331908  -0.0445941  -0.0205768  0.0453215  -0.10859  0.0753249  0.108913  0.0582424  0.0262684  -0.110354  -0.035644  0.0553814  0.0400228  -0.0401131  0.0977075  -0.280193  0.206425  -0.0183379  0.163183  -0.253418  0.10661  0.3868  0.00772561  0.31736  -0.120428  -0.0645981  -0.0930052  -0.109014  -0.259559  0.143949  0.481601  -0.114889  -0.196783  0.0714722  -0.121572  -0.010845  0.0506537  -0.0112433  0.00347957  -0.0630974  0.0473723  -0.0318868  -0.0597337  -0.102515  
0.282506  -0.312872  -0.479059  0.14324  -0.121252  0.0667302  -0.263393  -0.00315698  -0.150924  -0.0595138  -0.196557  -0.0399589  -0.130872  0.0506212  -0.459996  0.0584116  -0.137093  -0.157936  -0.104511  0.0932571  0.0405185  -0.0173484  -0.179757  -0.164145  0.0789804  0.0704476  0.0532471  -0.0283861  0.0486549  -0.130249  0.079825  0.0499479  0.0759876  0.0656293  0.0158762  -0.0249785  0.0325521  0.0204433  -0.0389262  0.0112606  0.0212495  0.00234706  0.0105486  0.015722  0.00270623  
0.0477547  -0.0335535  0.00316543  0.0229495  0.0181481  0.061809  -0.0611896  -0.0890033  -0.0161165  -0.00601451  0.0196406  -0.00646714  0.00291943  0.0273567  -0.128778  0.00492251  0.0477653  0.12336  -0.0132534  -0.275027  -0.008015  -0.0886512  0.115674  0.220684  0.196991  0.240106  0.223472  0.00640964  -0.407754  0.0282246  0.24837  -0.326016  0.0148569  -0.132288  0.0652208  -0.230943  -0.449747  0.0809463  0.128848  -0.0531443  -0.0737541  -0.0045857  0.0122788  -0.0594876  -0.068199  
0.00937582  0.0203476  -0.00021196  -0.00586682  -0.000357019  0.000398705  -0.026531  0.018908  -0.000222634  0.00991236  0.00540658  -0.00204102  0.00397659  0.0114221  -0.0170644  0.0942199  0.102499  0.00487922  -0.073209  0.0393371  0.00703872  -0.0380708  -0.0822736  -0.090974  -0.08157  -0.125806  -0.053676  0.0243907  0.0351075  0.11233  -0.183001  0.0981318  0.115149  0.134634  0.263799  -0.349651  -0.070841  -0.422549  0.171335  -0.322803  -0.0780604  -0.0326691  -0.0795855  -0.355875  -0.437665  
0.303183  0.215493  0.119606  -0.112495  0.239278  0.281791  -0.651315  -0.0780162  -0.0291425  0.316431  0.0943715  -0.0469866  0.323496  0.0911183  0.0550398  -0.118728  -0.00659209  0.04181  0.0208733  0.0282005  -0.0414245  0.0193546  0.00662986  -0.00254865  -0.0166823  -0.0789455  -0.011049  -0.0305266  -0.013503  -0.0301483  0.00158773  0.0900176  -0.00497076  -0.00561694  -0.0219283  0.00770375  0.0264167  0.0280004  -0.0263067  0.0224649  0.00188368  -0.00290927  -0.0105568  0.00734304  -0.0133859  
0.0208009  -0.00404999  0.00394833  -0.0035218  -0.00932058  0.0351716  -0.0206831  -0.000774394  -0.0011544  0.00577621  0.00384361  0.0177563  0.0309622  -0.105995  0.0349758  -0.112169  -0.0467802  -0.107415  0.0833988  0.0120702  0.0793777  0.153868  -0.0521797  -0.0545968  0.120349  0.316523  -0.157167  -0.0230581  0.494917  -0.0126908  -0.020125  -0.177711  -0.43229  -0.361467  0.249141  -0.0525583  -0.0908319  0.148233  0.00786329  0.067136  0.0114544  -0.0729182  -0.0966759  -0.103959  -0.234829  
0.011063  0.00309714  0.0104903  -0.0162009  0.0169844  -0.00366903  -0.0299325  -0.00174309  -0.000899923  0.0167973  -0.00487267  -0.00187466  0.0202545  -0.00956272  0.0141759  0.0288467  0.0103523  0.0123921  -0.00919732  0.00398743  0.00505297  -0.00445784  -0.0300545  -0.0714367  0.0205361  0.0579746  -0.0845237  0.00665099  0.173612  -0.00665948  -0.0729707  0.0580655  -0.0635076  -0.0872804  0.2366  -0.222229  -0.11823  -0.121633  0.19998  -0.2741  -0.185399  0.350701  0.288883  0.0876832  0.656327  
0.206714  0.194349  0.0161269  -0.0674038  -0.0287367  0.0491529  -0.0460892  0.313061  -0.135659  -0.059618  -0.000953486  0.298128  -0.00553041  -0.119582  0.216581  0.569748  0.116811  -0.197975  -0.358737  0.183374  0.205086  0.0650778  0.133747  0.060187  0.0692047  0.104053  0.021161  -0.0372571  -0.0408615  -0.0430975  0.0444049  -0.0718905  0.0058496  -0.0142221  -0.0188859  0.028983  -0.0173108  0.0210259  -0.0154103  0.016748  -0.00184153  -0.00178509  0.00270778  0.0278147  0.00831608  
-0.100591  0.0537625  -0.0833135  0.0306105  -0.034931  0.0821893  -0.101657  -0.0385661  0.0710151  -0.00950153  0.00376433  -0.0154788  -0.11557  0.102129  0.0781708  0.0347772  0.00905219  -0.00950494  -0.00604194  -0.103534  -0.0702909  -0.445643  0.136675  0.250243  0.10481  0.365678  -0.401637  -0.0455719  0.0211931  -0.248921  -0.353336  -0.00232396  0.195626  0.125877  0.028445  -0.160304  0.171296  0.115506  -0.0430824  0.0670082  0.0319842  -0.0100811  -0.0174865  0.0189253  -0.0160449  
-0.000883638  0.0130012  -0.153314  0.107775  0.0242544  0.00892701  0.18268  -0.0549994  0.0265506  -0.340432  0.110858  0.248399  0.711041  0.146549  -0.047734  -0.0133559  0.0400334  0.0685794  0.14781  0.119746  0.127572  -0.00240907  -0.175526  -0.0303484  0.0923747  0.173316  -0.0738976  -0.150053  -0.0504833  0.0799038  0.0268942  0.0872262  0.113077  0.00406288  -0.0955219  -0.0856611  0.0406791  0.0185806  0.00264524  0.0259297  -0.00269142  0.0269977  0.00133031  -0.0233349  0.000135815  
0.494639  -0.355244  0.514599  -0.127711  -0.256426  -0.153899  0.231087  0.0939065  0.0357358  0.201922  0.00172294  -0.00188661  0.175719  0.103449  -0.202284  -0.0214527  -0.0685477  0.00999998  -0.0691141  0.0448548  -0.0266912  -0.110307  0.0258151  0.102543  -0.04754  0.0777371  -0.119731  0.0808285  0.023424  -0.00717362  -0.0242165  -0.0155267  0.0371819  0.0243963  0.0270877  0.00704753  0.0325483  0.0133509  -0.0202866  -0.0124455  0.0147287  -0.00598733  -0.0150075  0.00684534  -0.00110864  
0.00832976  -0.100996  0.0913474  -0.0517883  -0.0478555  0.0804515  -0.0873157  0.0725287  0.0531614  0.106898  -0.13818  -0.0807429  -0.211331  -0.198159  -0.0814512  0.0444142  0.192854  0.371726  0.344115  0.197527  0.344042  0.307818  0.0762365  0.0711802  0.126759  0.191513  -0.0185539  -0.240357  0.0368423  0.175283  -0.0586421  0.0533562  0.138823  0.119589  -0.214776  -0.15518  0.0667223  0.0504308  -0.0409147  -0.0392404  0.0101615  0.0453493  -0.00878942  -0.0449902  0.0193966  
0.027837  0.0217855  0.0106708  0.001565  -0.000400642  -0.037066  0.00852059  -0.0130033  -0.0159686  0.0327759  0.0236519  -0.0158671  -0.0230957  0.00523916  0.0156017  -0.0355783  -0.0685064  -0.0809445  -0.0119898  -0.00742837  -0.0310502  0.0449244  0.0352504  0.00978346  -0.00643113  0.0296094  -0.0765838  0.0499798  0.173264  -0.148465  0.069134  -0.0595417  0.016597  -0.0432748  -0.484514  -0.223588  -0.157074  -0.492348  0.191351  0.538924  -0.031172  0.0880884  0.092068  -0.0939899  0.0174735  
0.255773  0.273905  -0.124887  0.400632  0.215345  -0.278074  0.273279  -0.227378  -0.228885  0.317103  0.17612  -0.349169  0.00779367  0.0539941  -0.0170804  0.274129  0.0455373  -0.0125201  0.165186  0.00695814  0.0844364  0.0159711  -0.00195252  0.0189833  0.0370936  0.0357007  -0.0210746  0.0428148  0.0341356  -0.0144001  -0.00165306  -0.0048177  0.0116249  0.0203049  0.0208546  -0.0144252  0.031506  0.0471491  -0.0188973  -0.0105565  0.00801387  -0.0164949  -0.00570352  0.0137543  -0.00247252  
0.0396433  0.0031988  0.0139087  0.0204362  0.00708217  -0.0378569  0.0519756  -0.0388536  -0.0450914  0.0626025  0.030179  -0.0431105  0.00592671  -0.178277  0.0472478  -0.219054  -0.17187  -0.580945  -0.0698386  -0.139178  -0.164016  0.301264  0.104275  0.152198  0.0349829  0.164467  0.00157086  -0.392385  -0.142396  0.291338  -0.0615291  0.142867  0.143573  0.0826385  0.0241994  -0.0755308  0.0800655  0.0105982  0.0211148  -0.00445728  -0.054324  0.0389836  -0.00454256  -0.0326046  0.022485  
-0.00110148  0.0379915  -0.0209347  0.00668116  -0.000528997  -0.0202729  0.00452377  -0.0048523  0.0017498  -0.000810782  0.0409157  0.0156538  -0.00278528  0.033814  0.0286596  -0.0560554  -0.085562  -0.117139  -0.0388956  -0.0407826  -0.059056  -0.0336196  0.0374949  0.0424735  0.0203972  0.033413  -0.0361148  0.0465099  0.146096  -0.100615  0.0852386  -0.0600382  -0.0495283  -0.0601705  -0.533078  -0.0170127  -0.111111  0.0110725  -0.29399  -0.593892  0.25956  0.213719  -0.0999869  -0.214333  0.00843862  
0.220597  0.250188  -0.0845604  0.13842  0.0382164  -0.155177  0.0906855  0.0550955  -0.279506  -0.0439378  0.0426401  0.283862  -0.188206  0.0333729  -0.0159651  -0.591288  0.0518802  0.305943  -0.357025  0.148097  0.082138  0.0231499  0.0622031  0.0672569  0.00543701  0.00168206  -0.0166013  -0.0607108  -0.0141934  -0.00770622  -0.0891881  -0.0161516  -0.0123185  0.0143695  0.00747371  -0.0274995  0.0187688  0.009353  0.0214029  -0.0140198  -0.0186356  -0.0146404  0.00561188  0.00126086  0.00870648  
-0.0925385  0.0415896  -0.0462188  -0.0121372  -0.0203065  0.0332439  -0.0379848  0.036264  -0.0766059  0.0914416  -0.00294669  -0.041594  -0.0842803  0.0753242  -0.0752907  0.00575056  -0.0122781  0.0366303  0.0351285  0.115737  0.100531  -0.274691  -0.0163153  0.136528  -0.147955  0.228478  -0.31746  -0.203342  -0.145273  0.25317  0.389302  0.158869  -0.218259  -0.0675984  0.0653376  0.380795  -0.0246652  -0.37873  0.00246698  -0.0629606  0.0153932  0.0087653  -0.00404749  -0.00599226  0.00581995  
-0.00831119  -0.0344018  -0.142983  0.0463218  0.0336623  0.0665045  -0.00225667  -0.00641393  -0.0465125  -0.0549273  -0.0791211  0.0334758  0.157155  0.0758963  -0.204466  0.110016  -0.166807  0.0900336  0.0879032  0.0806158  -0.124745  0.131768  0.43744  0.194293  -0.126462  -0.281712  -0.140537  -0.217641  0.146248  0.0685209  -0.225216  -0.492008  -0.00259661  0.0708  0.0482643  0.187128  -0.0841843  -0.131586  0.0223305  -0.0677178  -0.0281372  -0.0517091  -0.0136923  0.0570353  0.0365311  
0.360578  -0.33607  -0.0836605  0.249391  -0.217528  0.152569  -0.057633  -0.254616  -0.0161793  -0.258936  0.0501667  -0.0629828  -0.0957155  0.0251271  0.593026  -0.00281333  0.0697807  0.0815756  0.0903716  -0.0242521  -0.0352085  -0.0266537  0.105596  0.0356369  0.0427955  -0.112049  0.0109544  -0.0894641  -0.0306604  0.0349961  -0.0534873  0.107537  -0.108182  -0.0496285  -0.0195881  0.105421  -0.0791178  -0.0746481  0.0206894  -0.0194468  -0.031008  0.0151051  0.00416974  -0.0151552  -0.0183953  
-0.0268359  0.012457  0.0545737  -0.0179413  0.0268194  -0.0243016  0.0222982  0.00210716  0.0512647  0.0471331  0.00829712  -0.0348467  0.0881202  -0.071692  -0.114618  -0.0345915  0.0870522  -0.0105316  -0.0310617  -0.116502  0.0872261  0.00350444  -0.0280086  -0.0071815  0.344784  0.195457  0.344446  -0.0706633  0.000936456  -0.247258  -0.422412  0.130455  -0.0882034  0.0393551  -0.0347305  0.454151  -0.11708  -0.328172  0.107633  -0.104403  -0.029745  0.0034369  -0.127379  0.120938  -0.0151674  
0.0176607  0.0160947  -0.00803795  -0.00232798  0.00106572  -0.0121713  -0.00996631  0.00916876  0.0286912  -0.0224684  -0.000475412  0.000447172  -0.0341516  0.019542  0.0386609  0.00484965  -0.0355454  -0.0107074  -0.00300238  0.0237351  -0.0340682  -0.000251136  -0.0434236  -0.0185385  -0.0407186  -0.00511735  -0.0765919  0.0105958  0.078239  0.0710279  0.0691309  0.0671319  0.0359702  -0.0398943  -0.0917409  -0.270491  -0.131784  -0.1073  0.0594061  -0.136511  -0.0810463  -0.280563  -0.615559  0.591006  0.110361  
0.318772  0.288594  0.110002  0.165052  0.20971  -0.198293  -0.0931539  -0.014715  0.633113  -0.372947  -0.265578  -0.0952236  -0.0988984  -0.0907317  -0.12893  0.00464643  -0.0192284  -0.0319982  -0.0369392  -0.0241895  0.0346408  -0.0767871  -0.0143239  0.0246438  -0.0489276  -0.0201813  -0.0232008  -0.0453474  0.0089197  0.0769642  0.0272694  -0.00952452  -0.0304322  -0.0221317  0.00294901  0.0429256  0.00141355  -0.0149759  -0.00918098  0.0220718  0.00680885  0.021131  0.0105403  -0.0337463  0.00967321  
0.00701636  0.0188685  0.0306528  0.0334529  0.00519968  -0.0166548  0.000778199  0.00107756  0.0623099  -0.0331968  -0.0498477  -0.0561739  0.0113997  -0.0923739  0.161463  -0.139758  -0.0299896  -0.0722188  0.126597  0.254586  -0.0512017  0.391112  -0.124292  -0.0362495  -0.102289  0.16667  -0.292591  0.171616  -0.249173  -0.472423  0.133217  -0.163286  0.206472  0.154567  0.193659  0.140009  -0.180622  -0.0973305  0.0117565  -0.0940208  0.0962395  0.0172422  0.0151557  0.0650026  -0.0364653  
0.00604031  0.00557716  0.0143166  -0.00918878  0.00909691  -0.0196678  -0.00783066  -0.00383134  0.0199681  -0.00793311  -0.00644445  0.00924499  -0.00185556  -0.0085462  0.00616283  -0.022411  -0.0288423  -0.0468412  0.0267666  -0.012788  0.00506169  0.00574914  0.0162503  0.00297827  0.023858  0.0514057  -0.0251808  0.0103305  0.0639214  -0.0333217  0.0262998  0.0359027  -0.00174318  -0.0753773  -0.204319  -0.0432499  0.03404  -0.0452887  0.00758514  -0.271748  -0.209406  -0.491091  0.64935  0.319217  -0.218022  
0.231615  0.172141  -0.00216196  -0.0112999  -0.00511493  -0.0837589  -0.0180822  0.295609  -0.190489  -0.0347088  -0.0747555  0.430878  -0.160134  0.00681396  -0.0177284  0.0219377  0.0193162  -0.0522323  0.62215  -0.249591  -0.292938  -0.070271  -0.0423555  -0.103263  0.0284313  -0.00760826  0.00346855  0.030183  -0.023735  0.00404664  -0.0127543  0.0425929  -0.00702725  0.0330087  0.0278493  0.0425218  -0.015125  -0.0463252  0.00414288  -0.00239793  0.0130997  0.0110888  -0.00516109  -0.0121007  -0.00284406  
0.0127494  -0.0332511  0.00018736  -0.0246415  0.0352448  -0.0125914  -0.0127563  -0.0151796  -0.0063909  -0.0366722  0.0466095  0.00593901  0.00653913  -0.032164  -0.0298973  0.0181694  -0.00343362  -0.0197039  0.014234  0.0273006  0.00643241  -0.00491056  0.0420465  0.0535368  0.0211997  -0.0383092  0.0208499  -0.0446534  -0.0492693  -0.00668616  -0.0136621  0.066905  -0.199505  0.10392  0.0160756  -0.109462  0.0533319  0.0376888  0.490352  -0.0462976  0.763348  -0.240321  0.0892948  0.00303838  0.121549  
-0.0340574  0.14254  -0.0276801  -0.0780326  -0.213456  -0.0900071  -0.0521156  0.0846783  0.0933705  0.0281276  -0.0377083  -0.0945617  -0.110808  0.577703  0.0895213  -0.0720485  0.115942  -0.150148  0.08289  0.176569  0.0376778  0.0588301  0.00297052  0.102707  0.16728  -0.0416963  0.1583  -0.0368059  0.169923  0.0793976  0.0584973  -0.0305251  0.423543  -0.338669  0.091464  0.106852  -0.0243587  -0.00667829  0.109268  -0.00846141  0.117781  -0.0381423  0.0130567  -0.0384166  0.0197415  
-0.00332337  -0.191217  0.123524  -0.333902  0.327002  -0.341618  -0.185367  -0.188989  -0.176817  -0.348795  0.304393  -0.0115419  -0.187754  0.219888  -0.113836  0.0661501  0.149734  -0.120661  0.0363327  0.0843509  0.0338405  0.105066  -0.000735577  0.0113691  0.210034  -0.070935  -0.200111  0.0243625  -0.0835757  0.0379887  -0.0600158  -0.0117041  -0.129438  0.0768645  -0.0287101  0.0140355  -0.0205929  0.0232458  -0.062185  0.0185112  -0.0846607  0.0187823  -0.0155366  -0.00252981  -0.00372225  
0.0224025  -0.118548  0.0499279  -0.0625593  0.19547  -0.0650782  -0.0364208  -0.127796  -0.157393  -0.0882909  0.093126  0.0731123  -0.0364438  -0.420354  -0.0584071  0.102333  -0.0964977  0.125407  0.0126717  0.0336842  -0.0763351  -0.0995777  -0.230614  0.264567  -0.177966  -0.0838608  0.024378  -0.124469  0.0599291  -0.106332  -0.0646507  0.0678064  0.379096  -0.523995  0.0233351  0.0841821  0.00412429  -0.0207649  0.041866  -0.0150933  0.0826801  -0.0129696  -0.013673  -0.0341004  -0.00455601  
0.0393947  0.0649496  -0.191478  0.0217051  -0.32751  -0.0549898  -0.0829846  0.0214936  0.405991  0.119006  0.724932  0.171857  -0.129485  -0.0636841  -0.150529  0.046483  -0.0829024  0.0398777  0.0586874  0.0565314  0.0070318  0.0820748  0.000499754  0.0478051  -0.108844  -0.0284269  0.0440293  -0.0562388  -0.0525631  -0.0683081  -0.0255427  0.0202288  -0.0725345  -0.00875579  0.0252927  -0.0176409  -0.00225764  0.00389781  -0.0203495  0.00413348  -0.0482524  0.0129857  0.00938063  0.0040173  0.00196129  
-0.0227228  0.104814  -0.0348052  -0.090505  -0.158866  -0.107348  -0.0294101  -0.0529016  -0.0470553  0.00235288  -0.215681  0.0105643  0.013584  0.219946  0.0412269  0.122913  -0.0391353  0.0785574  -0.0115127  -0.0955692  -0.0345251  0.205597  -0.42134  0.581971  -0.163408  -0.0828409  0.104183  -0.154589  0.0258706  -0.177827  -0.0445294  0.0918008  -0.301892  0.147426  0.00764678  -0.110889  -0.00807557  0.0205508  -0.0749922  0.0129825  -0.0647881  0.0199077  0.0210995  0.00880334  -0.0126901  
0.0162164  -0.0550812  0.00125686  0.0480805  0.0405013  0.0199409  0.0156427  0.0223425  0.0392947  0.0157236  0.00640728  0.0230667  -0.0351004  0.256267  -0.0738916  0.154709  0.21684  0.218926  -0.24191  -0.510621  -0.0992042  0.355441  0.0158117  -0.288621  -0.261406  0.141917  -0.235029  -0.194989  -0.0301184  -0.0559663  -0.0533167  0.100491  0.0748251  -0.182871  -0.0629098  0.0900531  0.004948  0.0267743  0.0302516  0.00199913  0.0808417  -0.0298945  -0.00232162  -0.00968381  -0.000366136  
-0.030964  -0.297181  0.0934924  0.328845  0.504681  0.303452  0.11758  0.444595  0.0902277  -0.010814  0.18444  -0.00966025  -0.122132  0.237781  -0.00179986  -0.0547591  0.0110874  -0.0777206  0.0322626  0.114161  -0.00663605  0.00732625  -0.0570653  0.18507  -0.125796  0.0386411  0.154307  -0.0317913  0.0340578  -0.0763398  -0.016871  0.0429905  -0.0583611  0.00803022  0.0196352  -0.0599616  -0.0107786  -0.00146322  -0.0267742  0.00674666  -0.0306096  0.0139124  0.0121328  0.000451073  -0.00559368  
0.00403281  0.0107868  0.00248779  -0.163727  0.0146488  -0.160565  -0.0360824  -0.148333  -0.0839036  -0.0955142  -0.0648175  -0.017407  0.0104453  0.111593  0.0216688  -0.0128236  -0.0101694  -0.0741347  0.139872  0.19187  0.0755468  -0.109657  0.33023  -0.166673  -0.579415  0.313913  0.387462  -0.114714  -0.0403604  -0.178401  -0.0869521  0.0870843  -0.0780073  -0.0414108  0.0236604  -0.115786  -0.0311085  0.0180049  -0.0580346  0.0043153  -0.0109707  0.00872452  -0.0154839  -0.00460977  -0.0172543  
